.__C__Candidate <-
<S4 object of class structure("classRepresentation", package = "methods")>
.__C__Simp <-
<S4 object of class structure("classRepresentation", package = "methods")>
.__C__Squares <-
<S4 object of class structure("classRepresentation", package = "methods")>
.__C__Trap <-
<S4 object of class structure("classRepresentation", package = "methods")>
`.__T__chooseCandidate:.GlobalEnv` <-
<environment>
`.__T__createCandidate:.GlobalEnv` <-
<environment>
`.__T__initialize:methods` <-
<environment>
`.__T__integrateIt:.GlobalEnv` <-
<environment>
`.__T__multiplySquares:.GlobalEnv` <-
<environment>
`.__T__print:base` <-
<environment>
`.__T__propNeeded:.GlobalEnv` <-
<environment>
`.__T__show:methods` <-
<environment>
.Random.seed <-
c(403L, 14L, -1536710369L, 1620556149L, 745158668L, 858628578L, 
1100724925L, -227338953L, -1442014754L, -1474199784L, 712201851L, 
-1266772967L, -1756789592L, -1805713834L, -320349487L, -1690281341L, 
-558321390L, -1071844188L, 142615655L, 174927293L, 1218916148L, 
1159662746L, 1275081445L, 1873349759L, 1894319622L, -2081205872L, 
579750963L, 2086405073L, 1604635008L, 1534370910L, -1947831383L, 
-1220629925L, -1379103126L, 369668876L, 768005455L, 1523338757L, 
1952232636L, 288613778L, 1034534541L, 1431655623L, -1149636178L, 
1904679944L, 1846267915L, 28615913L, -212728904L, -841200538L, 
-1954353919L, 712354707L, -45470654L, 709678068L, -852501001L, 
-1396702739L, -838602108L, -2009209686L, -2120117739L, 775040687L, 
611781814L, -118506784L, 1151428131L, -602347199L, -1825606608L, 
-1970147762L, 1251441337L, -936599861L, 1058146170L, -551473540L, 
249899711L, 542116757L, -1141003348L, 614941058L, -1202682019L, 
1995090519L, -1848925890L, -478535304L, -1630856613L, -1201852999L, 
1929498632L, 164508342L, 1205930481L, 63324195L, -80117646L, 
-1974459708L, 775050375L, -1963186083L, -1581994412L, 1819626618L, 
-427714619L, -259679969L, 1565776038L, 1079392816L, 1270284499L, 
-510521615L, 533818912L, -159754050L, -300860215L, -619727237L, 
-1431882678L, 58662060L, -1847014481L, -1246810267L, 890045724L, 
-39449230L, 2074756589L, 846711335L, -847205810L, 975728296L, 
-1338563413L, -1704426039L, -837252648L, -1568087930L, -1765315231L, 
629072115L, 1096453986L, 706341332L, 1744542935L, -127443251L, 
1029576292L, -1715432374L, -2048187979L, -951571185L, 1854933526L, 
1953236160L, 1076314755L, 1997049505L, -498368368L, -1170199698L, 
-688212711L, -891877973L, 589366170L, -1023763620L, 84916831L, 
-71704011L, 1085958604L, 1677779234L, 1335518077L, -1880211337L, 
2011497886L, -308134824L, -640423493L, -771051687L, 1115131112L, 
289264918L, 1686554257L, -119960765L, -201173422L, -702400284L, 
1861233447L, 547872637L, -948604300L, 739241050L, 720991397L, 
-2087973185L, -1572768442L, 876067792L, 1903793651L, 875929873L, 
-927847104L, 1225878814L, 713365993L, -1559782629L, -1877572310L, 
1790565964L, 1638656527L, 1849896261L, 1663872764L, 1215874386L, 
-276960563L, 1805943431L, 727369070L, 1298923336L, -516273333L, 
746042025L, 975615992L, -899410138L, -207173567L, 1112009171L, 
-1619426430L, -49223756L, 718110519L, -193014227L, -1869453500L, 
144823402L, 1284771541L, -784054161L, -1424258698L, -1782140256L, 
-528900253L, -134482943L, 1830420336L, -2013350130L, 539472249L, 
-505985781L, -1073291718L, -680782532L, 370154111L, -445087275L, 
-100769812L, 336445762L, 928939677L, -1505961193L, -1532966274L, 
-1043654088L, 1972395291L, -2085483911L, 699533000L, 2125995766L, 
-551160015L, -1928695965L, 123634994L, 245814916L, -943078713L, 
369205661L, 1247274260L, -594334790L, -1629118971L, -1495965729L, 
858314342L, -63831568L, -1879339245L, -2091642703L, 649900896L, 
280781054L, 1361891465L, 2111111099L, 2015529354L, 1325152364L, 
-1150166545L, 1873089061L, -1067039012L, 59587912L, 1542264506L, 
-23477488L, 1442167020L, -1244869548L, -1970541806L, 829705632L, 
-442550324L, -1063455904L, -1785365310L, 1138139688L, -12894804L, 
444910396L, -892174478L, 609656624L, -1801370588L, -2866632L, 
668067546L, -800750704L, 1299814652L, -786660972L, 1682719554L, 
-1828570624L, -2134178756L, -39540144L, 1124041890L, -1192544440L, 
1465687564L, 1401954012L, -155385774L, 1692311680L, 1267096404L, 
-1587878936L, 66061050L, -10117296L, 553484332L, -1483665036L, 
185676434L, 2117861984L, 685704332L, -364038816L, 1182656738L, 
1799602344L, -1378972980L, 2068047356L, 124854194L, 440956912L, 
40650180L, 1271912792L, -30231174L, 588645808L, -935794244L, 
1247984212L, 307621314L, -636568800L, -490427460L, -1475132336L, 
-1902223390L, 1777222504L, -1587869876L, -1681097988L, -742761742L, 
-1510887168L, -971959180L, -1888126456L, 1986628026L, 455981520L, 
298273772L, 1233504148L, 434785490L, 489769056L, -664477364L, 
542451488L, -1640469886L, -2131072536L, 1285034988L, -638714308L, 
1591548530L, 788488048L, -427069148L, -704745928L, -1774838374L, 
1892890064L, 1038193084L, 1052213908L, -1549478270L, -703606336L, 
894869308L, -1941014896L, -1260621022L, -1933007352L, -630999284L, 
649820060L, -1159970798L, 587670400L, 1306558228L, 2039171368L, 
-1022271430L, -473311280L, -736163220L, -1224225740L, 5092498L, 
997440864L, 1641435468L, 981740000L, -1981587550L, 1284534184L, 
-2108476276L, 1108906940L, 924645490L, -1809902608L, 457179204L, 
-2120256424L, -622325702L, -1494392720L, -645754308L, 1229634324L, 
-1655316798L, -1800266016L, 1137251452L, -1729363760L, 953045922L, 
1664619048L, -2021563124L, 484096956L, -1391442638L, -1018770240L, 
-1514996172L, -612337976L, -1632676166L, -681967472L, 2030418668L, 
-934073772L, -82612590L, -672621792L, -1220498484L, 543341792L, 
-1727812926L, -1973264344L, 527567788L, -546260292L, -1145215502L, 
1806288432L, -1406505052L, -1952152136L, 1093263194L, 178444432L, 
1228368764L, -944315628L, -488267454L, 1959199488L, 137621436L, 
-1269025968L, 1150186786L, 1977097800L, 779905036L, -752005028L, 
-436520494L, 105232896L, 1747902804L, -120920856L, 1607310586L, 
-1708255536L, 990498092L, 17131764L, 1643148690L, -485024L, 31209484L, 
868220640L, 48200290L, -620224856L, -1254468020L, 1670953852L, 
786969906L, 362643056L, -62751932L, -305523752L, -915628166L, 
389018160L, 654674876L, -1966595500L, -296432574L, 1762531488L, 
-2016623940L, 324541904L, -83716254L, -986524952L, -1036540724L, 
-1830244868L, -1093182990L, 1753659008L, -1566841356L, -1332391288L, 
-150288582L, 2063408976L, 1931857004L, -1631769196L, -311358382L, 
1696635360L, -39660340L, -1549143904L, -981128830L, -1706280728L, 
84599532L, 1729525052L, -574321550L, -2079161232L, 2030201892L, 
969072696L, 1751747354L, -45695792L, -1205683396L, 1893771156L, 
-1446301822L, -44968512L, -2087624132L, 1934064016L, -601908702L, 
-810652408L, 456989324L, -1937983716L, 1753829522L, -1405525632L, 
36323860L, 67715880L, 1269327418L, 1487174096L, 198923414L, -1198216541L, 
-395703195L, -557442686L, -1624743184L, 924939929L, 250894987L, 
1300052860L, -1603863126L, 1700124127L, 999859049L, 737919870L, 
1508801388L, 74026941L, 814562439L, 1933611120L, -531080434L, 
-2022393797L, -1545930979L, -262580790L, -1851281688L, -1148280367L, 
-1686342717L, 425807044L, -51997838L, -2081993145L, -313889263L, 
-1824309354L, 1527694068L, 2067391621L, 208837071L, -659616568L, 
-1670185626L, -1144840301L, -315145995L, -123189038L, -1467648224L, 
-792348919L, 276013115L, -225897076L, -929936358L, -521396081L, 
1526396889L, 72685678L, 978557948L, -253539987L, 1341178647L, 
-509910304L, 1519395006L, 608947851L, 931763469L, 1072552250L, 
224356728L, -2009461983L, -1789715501L, 1272259316L, -1381758078L, 
624720407L, 2025412833L, 1390655014L, -1150193884L, 1844223957L, 
-311744641L, 1291080216L, -826519242L, -1075380285L, 861584901L, 
-230429278L, 1549873552L, -1640380103L, 289443307L, 1120038620L, 
727325450L, 442209791L, -781783991L, -950956578L, -621814388L, 
-270325411L, 313786727L, 96158352L, -727229266L, 28020059L, 284815677L, 
-1748657238L, 94424136L, 1965765745L, -155565597L, -1786307356L, 
-1044199406L, 1345842151L, -859679823L, 1334914550L, 606490644L, 
